image_width: 640
image_height: 480
camera_matrix:
- - 1574.6200175644938
  - 0.0
  - 366.7474645967062
- - 0.0
  - 1577.6123528653695
  - 228.06616035859705
- - 0.0
  - 0.0
  - 1.0
distortion_coefficients:
- - -5.058689786408101
  - 42.55585804356126
  - -0.01730687002567795
  - 0.0016511860583501132
  - -214.70330833807895
new_camera_matrix:
- - 685.3887329101562
  - 0.0
  - 419.17715933470754
- - 0.0
  - 945.9843139648438
  - 195.25253637090736
- - 0.0
  - 0.0
  - 1.0
roi:
  x: 260
  y: 58
  width: 300
  height: 288
mean_reprojection_error: 0.11809811117283625
K_eff:
- - 1462.1626302083332
  - 0.0
  - 339.57793991404276
- - 0.0
  - 1576.6405232747397
  - 228.75422728484563
- - 0.0
  - 0.0
  - 1.0
D_eff:
- 0.0
- 0.0
- 0.0
- 0.0
- 0.0
